#
0 0 0 0.850377475 0 0 0 0.734529219
0 0 0 0 0 1.35537901 0 0.44360439
0 0 0 0.821046808 0 0 0.748154283 0
0 0 0 1.02584363 0 0 0 0
0 0 0 0.722960866 0 0.302882766 0 0
#
0 0 0 0 0.595425426 0.519832536 0 0
0 0 0 0 0.903132061 0.207797686 0 0
0 1.25327859 0 0 0.769175467 0.502781529 0 0
0.0234921949 0.0132682581 0 0.407158425 0 1.06526014 0 0
0 0 0 0 0.262811111 0 0.848118636 0
0 0 0 0 1.07028352 0 0 0
#
0.47912514 0 0.349476392 0 1.4601587 1.41574966 0 0
0.977320111 0 0.901074709 0 0.70942899 0 0 0.0679765545
0 0 0 1.10897161 0 0 1.05215565 0
0.473366235 0.508763912 0.695974329 0 0.596783863 0 0 0.336475471
0 0 0 1.09536016 0.758812747 0 0 0
0.770317198 0.0761108196 0 0.931196699 0 0 0 0.45433571
0.922845299 0 0.828957888 0.883910441 0 0 0 0
0.621205082 0.406044551 0 1.05543733 0 0 0 0
1.29137566 0 0 0.708754932 0 0 0 0
0 0.430192477 0 1.41706235 0 0 0 0
1.14546801 0.0148642662 0.00264482999 0.00111595693 0.589440925 0 0.000601333757 0.385881277
0 0 0 0 1.27150552 0 0.959579176 0
0 0 0 0.985146931 0 0.87004349 0 0
0.705460263 0 0 1.3772267 0 0 0 0
0 0.286146682 0 1.28683253 0 0 0 0.45500931
0 0.89650653 0.246431207 0 0 0 0 0
0 0.91536973 0 0.314514244 0 0 0 0.30210615
0 0.792795527 0 0 0.832009201 0 0 0
0.38681141 0.551831041 0 0 0.825265266 0 0 0.445840634
0 0.497184966 0.463012349 0.612781893 0 0 0 0.45500931
0 0.926280798 0 0 0 0 0 0.201272391
0.900497997 0.490563176 0.675822261 0 0 0 0 0.514132852
0 0 1.02483064 0 0 0 0 0.512102738
0 0 0.898660765 0 0 0 0.630136567 0
0 0.769783075 0 0 0 0 0.358515462 0
0 0 1.22387753 0 0.304919805 0 0 0
1.14189639 0 0 0 0 0 0.796621465 0
0 0 0 0 1.27802467 0.69704786 0 0.398085326
0.548023662 0.570513368 0 0 0.868757356 0 0 0.0196471409
0.75335683 0.410518002 1.13879044 0 0 0.00013445831 0.000454837595 0.240364029
0 0.571986665 0.555566524 0 0 0 0 0
0.478003019 0.0306549511 1.05130859 0.0641248124 0.405450886 7.77239112e-05 0.000262901965 0.441244063
0 0.411796518 0 0 1.41865417 0 0 0
0 0 1.04044511 0.488352219 0 0 0 0
0.415869572 0.318878923 0.677427261 1.30890031 0 0 0 0.208899948
0.625473964 0.0083440412 0.562686039 0.891033771 0.132335324 0 0 0.511844129
1.03710252 0 0.631147058 0 0 0 0 0.472149654
0 0 1.35323457 0 0 0 0 0.175562758
0 1.08313155 0 0 0 0 0 0
1.4978693 0 0 0.132072349 0 0 0 0.508839761
0.51648253 0.0117233459 0.770055327 1.1832382 0 0 0 0.349637172
0 0 1.16019139 0 0 0 0 0.376741989
0.788224736 0 0 0 0.763258412 0 0 0
0 0.645306247 0 0.601929127 0 0 0 0
0.449970252 0.245129735 0.357679867 0 0 1.01410358 0 0.514132852
0.756401798 0 0.447079048 0.276298934 1.36401358 0 0 0.406082185
0.331541941 0 0.956207622 0.270477436 1.45553278 0 0 0.23611576
0.935009809 0.532761561 0 0 0 0.550301643 0 0.504696498
0 0.0118385793 0 0.0112345833 0 1.10309254 0.0231246882 0.3774563
0.9992579 0.600895169 0 0 0 0 0 0
0.333545444 0 0.535052669 1.08202292 0.839051869 0 0 0
0.626017145 0.523565262 0.937550682 0 0 0 0 0
1.3618006 0 0 0 0.604385493 0 0 0
0.62905341 0 0.963409377 1.23866733 0 0 0 0
0 0 0 0.946337207 0 0.442361126 0 0.46595106
0 0 0 1.37605808 0 0 0 0.478591311
0 0 0 0 1.44060101 0.319404903 0 0.514749974
0.312844035 0 0.902280567 0.255223373 1.37344538 0 0 0.406082185
0 0 0 0 0.749572464 1.03097784 0 0.494205589
0 0 0 0.973516796 0.415181536 0 0 0.46595106
0 0.701493581 0 0 0 0 0 0.381637971
0 0 0.742639713 0 0 0.282190932 0 0.512102738
0 0.530480507 0 0.666411643 0 0 0 0.335097974
0.66743373 0.363377563 1.00668663 0.00115599073 0 0 0 0.50681109
0.229523414 0.521218175 1.3363915 0 0 0 0 0
1.23641849 0.000104661148 0 0.929952493 0 0 0 0.238670688
0 0.591746144 0 0 0.985238783 0 0 0.253465762
0.846464051 0.453249389 0 0.571199149 0 0 0 0.46816953
0 0.686856367 0 0 1.14359432 0 0 0
0.196764656 0 0.567493402 0.706089916 1.37344538 0 0 0.406082185
1.11755422 0 0 0.0985386449 0 0.427805065 0 0.494883482
0.32749757 0.0497468078 1.08801906 0 1.36869594 0 0 0.404677931
0.0749431332 0.000734344235 0.97337485 0.770241565 0.28796272 0 0.527568326 0.15938606
0 0 0 0 0 0 0.402032548 0.263576917
0 0.391685416 0 1.29021935 0 0 0 0.165350066
0 0 0 0 0 0 0 0.51632744
1.22373399 0 0.714109034 0 0 0 0 0
0.699354839 0.619213689 0.431372274 0 0 0.288610144 0 0.508503204
0.293458663 0.224349887 0.352131072 0.860185891 1.41583445 0.543696844 0.827584641 0
0.913997937 7.73686851e-05 0 1.25240034 0 0 0 0.238670688
#
0 0 0 0 0 0.884476951 0 0.279287614
0 0 0 0 0 1.13084366 0 0
0.64313036 0.0561456436 0 0.90893072 0 0 1.03726673 0
0 0 0 1.37516089 0 0 0.886956027 0
0 0 0 0 0 0 1.18819624 0
0 0 0 1.27343685 0.878439349 1.0230973 0.436205828 0
1.00651808 0.087869597 0 0.678381551 0 0.393497661 0.106601439 0.695542858
#
0.00084444883 0.0458713022 0.0410659429 0.0753654995 0.732982076 1.1528172 0 0
0.940357654 0 0 0 0 0 0 0.209819172
0 0 1.35036934 0 0 0.909719284 0 0.970260218
0.71849128 0 0 0 0 0.431685546 0 0
0.338310766 0.09170914 0.467208165 0.846055632 0 1.46654781 0 0
0.596077112 0 0 0 0 0 0 0.554099714
0.405707862 0.109979116 0.560283754 0 0 0.740948345 0 1.39291244
1.11822558 0 0 0 0 0 0 0
0.393399482 0.0739335931 0.71593504 0 0 0 0 0
0.604310822 0.51391476 0 0 0 0 0 0
#
0.00392401199 1.06259814 0.944461626 0.0298373145 1.03940848 0.0328406007 0 0
0 0.78731239 0.849822022 1.43986017 0 0 0 0
0 0 0.858482227 0 0 0 0.804962615 0
0 0 1.31432123 0 0.349856617 0 0 0
0 1.45710165 1.09508718 0 0 0 0 0
0 1.46173723 0.400968095 0 0 0 0 0
0.0824733949 1.13552644 0.0434413288 1.42040143 0 0 0 0
0 0.737848601 0.554531349 0 0 0 1.25980887 0
0 1.42976185 0 0 0.431531004 0 0 0
0.540226561 0.796708441 1.21525382 0 0 0 0 0
#
0.994815776 0 0 0 0.331530414 0 0 0
0.385436866 0 0 0 0 0 1.12613698 0
1.08953562 0 0 0.0928210426 0 0 0.329217179 0
0 0 0 1.48305796 0 0 1.26363185 0.453588333
0.519108199 0 0.435237901 0 1.28844291 0 0.723635232 1.25090471
0 1.09280107 0 0 0 0 0 0
1.2707893 0 0 0 0 0 0 0
0 0 0 1.23939329 1.16848956 0 0.885145842 0.780102738
0 0 0 0 1.37862681 0 0 0.630638377
0 0 0 0 1.31632924 0.692935946 0 0
0.791036268 0 0 0 0 0.479753034 0 0
0.184412957 1.05161049 0 0 0 0 0 0
0.726560704 0 0 0 0 0 0 0.544228598
1.03692432 0.233864987 0 0 0 0 0 0
0.00892850314 0.00900712419 0.00763784492 0.00280870942 0.72985569 0 0.935537069 0.315490247
0.255855096 0 0 0.994131376 0 0 0.00387376964 0
0.901063167 0 0 0 0 0 0.506603812 0
0.138771424 0.0741535745 0.00899065761 0.143394118 0.798137413 0 0.671726345 1.31939571
0 0 0.659550507 0.824062374 1.49468589 0 1.09483266 0
0.518518296 0 0.00985762373 0.0196237781 0 0 0.859667281 0
0.629831538 0 0 0 0.271231629 0 0.506603812 0
0.456171107 0 0.00867233262 0.0172641942 0 0 0.306707405 0.618851941
0 0 0 1.38442747 1.3947602 0 1.02163874 0.272305018
0.555538756 0 0 0.251934639 0 0 0.600193584 0
0 0.835873093 0 0 0.256927974 0 0 0
0.00492896844 0.00117229266 0.003014665 0.0119323462 0.114661823 0.15124829 1.27485146 0
0 0 0 1.07325545 0.842397879 0 1.33335128 0
0.0192249888 0.25100284 0.849210477 0.251782432 0.325638817 1.48513054 0.389510507 0
0 0 0 0 0 0 0.912678731 0.649131113
0.00178824215 0.0122334467 0.149961993 0.914727094 0 0.812387055 1.12714918 0.301592299
0.00253843752 0.0286793806 1.25508428 0.114138356 0.303751028 0.0528260686 0.709286952 0.962479271
0 0.987644167 0 0 0.1051569 0 0 0
0.495315709 1.02797018 0 1.39111697 0 0 0 1.08530704
#
0 0 0 0 1.37501751 0.50218902 1.4651558 0
0 0 0 0 0 1.10820016 1.2084962 0
#
1.25013582 0 0.78107862 0 0 0 0 0
0 0 0 0 0 0.87256976 0 0.829338767
0 0 0 0 0 1.07313721 0.594582429 0
1.23275605 0 0 0 0 0 0 0.620720086
0.167647178 0.143432257 1.39981397 0.547876268 0.0188022725 0.301086726 1.37188004 1.28259299
#
0 0 0 0 0.630795068 0 0.565537483 0
0 0 0 0 1.19633255 0 0 0
0 0 0.0400947622 0.233990402 0.922247387 0 0 0
#
0 0 0 0 0 0 1.31556952 1.17468356
1.18547861 0 0 0 0 0 0 0.969493073
1.25677711 0 0 0 0 0 0.898194569 0
0.962396631 0.613109297 0 0 0 0.930827888 0 0
0.844793034 0 0 0 0 0.499113904 0 1.16242688
#
1.4744149 0.446684439 0 0 0 0 0 0
0.830758513 1.09034082 0 0 0 0 0 0
0 1.11219181 0 0 0 0.440481572 0 0
0 0 0 0 0 1.13100023 0 0.474177366
0 0.99725373 0 0.00543882347 0 0.200629309 1.06473349 1.30001589
0 0.904547042 0 0 0 0.419483998 0 1.1072887
0.00308815692 0.764106898 0 0.160724596 0.00039967178 0.00191037826 0.0006081647 0.973442196
1.18583287e-06 1.85111555e-06 9.87223486e-07 2.69111713e-05 8.5104925e-05 0.00893848177 0.362403027 1.39168386
0.0826000586 0.487472096 0.0627124212 0.0108669024 0.0308241795 0.00182813119 0.734268667 1.12304318
0.202175118 1.00810454 0.232001777 0.0520359376 0.15468136 0.58216757 0.0648866983 0.93257863
0 0.96215818 0 0 0 0 1.40216567 0.295071097
0.341824757 0.791069559 0.125497104 0.000445333716 0.289068487 0.875486791 0.78723703 0.33287837
0 0.666733235 0 0 0 0.885940151 0 0
0 0.702444132 0 0.00383099057 0 0.685561048 0.842900173 1.3333349
0 0 0 0 0 0 1.04043299 1.48021266
0 0 0 0.371175931 0.0226131985 0.558742235 0.142113088 1.14448302
0 1.13011943 0 0 0 0 0.422553951 0
#
0 0 0 1.4864701 0.637849927 0.589577527 0 0.79611474
0 0 0 0 0 1.00389225 0 0
0.00363185912 0.000249947518 0.00262552027 0.00402840322 1.17153671 0.343698067 0 1.25122774
0.224841609 0.0838156808 0.0915025338 1.49527925 0.765175288 0.721722383 0 0.127432693
0.580158928 0.216269647 0.236104038 1.48397807 1.14801653 0 0 0
0 0 0 0 1.40334914 0.76931803 0 0
0 0 0 0 1.22604238 0.607692116 0 0.338932673
#
#
1.25497299 0 0 0 0.305247486 0 0 0
1.06915528 0 0 0 0 0 0 0.486190646
0 0 0.952795102 0 1.27582734 0 0 0
0.460292277 0 1.45922476 0 0 0.742418746 0 0
#
0 0.46753405 0 0 0 0 0 0.825736547
0 0.730398393 0 0 0 0.327006359 0 0.235865846
0 1.02441392 0 0.268856672 0 0 0 0
0 1.2198863 0 0 0 0 0 0
#
#
#
0.00616959394 0.0049060085 0.0219421131 0 0.132859827 0.3864261 0 0
0 0 0 0 0 0.55206498 0 0
#
1.34684217 0 0 0 0.235858329 0 0 0
0.910522745 0 0 0 0.51862339 0 0.513039419 0
1.19573693 0 0 0 0 0 0.380399618 0
0 0 0 0 0.436484528 0 0.395936964 0.898259853
0 0 0 0 0.849511699 0 0 0.22508807
0.796938351 0 0 0 0 0 0 0.764723744
1.0157175 0 0 0 0 0.560419042 0 0
0 0 0 0 1.07459977 0 0 0
0.738941706 0 0 0 0.799234669 0 0 0
0.592696198 0 0 0 0.578433173 0 0 0.408677986
0.511676151 0.661859914 0 0 0 0 0.924224617 0
0.818877937 0 0 0 0 0 0 0.271332614
0 0.00034988321 0.000544572584 0.000935928148 0.0106140254 0.734487729 1.45667914 0.229044648
0.571150889 0 0 0 0 0.060893773 0.461565305 0.459064309
0 0 1.24532146 0 0 0.859437484 0 0.174995722
0 0 0 0 0.837303617 0.237296152 0 0
1.3317499 0 0 0 0 0 0 0.240488306
0.916519677 0 0 0 0.42722738 0 0 0.200282784
0.282730534 0 0 0 0 0 1.29340601 0
0.578418721 0 0 0 0.200784627 0 0 0.782458747
0.72995703 0 0 0 0.235602789 0 0 0.573886358
0 0 0 0 0.601579167 0 0 0.647661501
0.523501855 0 0 0 1.02429129 0 0 0
0.0144337723 0.00912536468 0.00039133052 0.411608981 0.671135377 0 1.21315198 0.0401365836
0.0191617036 0.0121144722 0 0.537507456 0.791216129 0 0.959847041 0.0401365836
0 0 0 0 0 0 1.14556884 0.461125097
0 0 0 0 0 0 0.870749105 0.777813122
0.0121887064 0.00791482848 0.0158972743 0.618704264 0.914351674 0 0.734247453 0.0566791839
0.00580832574 0.00367215786 0.000157476166 0.34289947 0.543210213 0 1.46423574 0
1.44449564 0 0 0 0 0 0 0.086447799
1.01147739 0.014852858 0 0 0.556370248 0 0 0
1.1392349 0 0 0 0.443465597 0 0 0
0 0 0 0 0 0 0 0.942177178
0.220058254 0.00099879714 0.265871989 0 0.750565537 0 0 0.370098989
0.849996042 0 0 0 0 0 0.69314167 0
0.0124886433 0.00810959477 0.0162884708 0.633929197 0.936851831 0 0.752315647 0
#
